1,1,1,0,2025-06-16,0,TERMINADO
2,1,1,10,2025-06-16,30,LEYENDO
3,2,1,0,2025-06-16,0,NO_LEIDO
4,2,1,11,2025-06-14,25,LEYENDO
5,2,1,22,2025-06-15,25,LEYENDO
6,3,1,0,2025-06-16,0,TERMINADO
7,2,1,41,2025-06-16,23,LEYENDO
8,4,2,0,2025-06-16,0,TERMINADO
9,4,2,10,2025-06-16,25,LEYENDO
10,4,2,100,2025-06-16,240,LEYENDO
11,3,1,89,2025-06-16,240,LEYENDO
12,5,1,0,2025-06-19,0,TERMINADO
13,5,1,500,2025-06-19,400,LEYENDO
14,5,1,1000,2025-06-19,400,LEYENDO
15,5,1,1100,2025-06-19,400,LEYENDO
16,5,1,1200,2025-06-19,400,LEYENDO
17,6,1,0,2025-06-19,0,NO_LEIDO
18,6,1,500,2025-06-16,400,LEYENDO
19,6,1,1000,2025-06-17,400,LEYENDO
20,6,1,1100,2025-06-18,400,LEYENDO
21,6,1,1200,2025-06-19,400,LEYENDO
22,7,1,0,2025-06-19,0,NO_LEIDO
23,7,1,100,2025-06-18,25,LEYENDO
24,7,1,200,2025-06-19,35,LEYENDO
25,8,1,0,2025-06-19,0,NO_LEIDO
26,8,1,50,2025-06-18,25,LEYENDO
27,8,1,50,2025-06-19,11,LEYENDO
28,8,1,100,2025-06-19,24,LEYENDO
29,8,1,200,2025-06-19,24,LEYENDO
30,9,1,0,2025-06-19,0,TERMINADO
31,9,1,50,2025-06-19,15,LEYENDO
32,9,1,100,2025-06-19,15,LEYENDO
33,10,1,0,2025-06-19,0,NO_LEIDO
34,10,1,500,2025-06-19,120,LEYENDO
35,10,1,500,2025-06-19,120,LEYENDO
36,10,1,800,2025-06-19,120,LEYENDO
37,10,1,1100,2025-06-19,120,LEYENDO
38,10,1,1200,2025-06-19,120,LEYENDO
39,11,1,0,2025-06-19,0,NO_LEIDO
40,11,1,400,2025-06-19,241,LEYENDO
41,11,1,800,2025-06-19,12,LEYENDO
42,11,1,1000,2025-06-19,111,LEYENDO
43,11,1,1200,2025-06-19,111,LEYENDO
44,12,1,0,2025-06-19,0,NO_LEIDO
45,12,1,500,2025-06-19,12421,LEYENDO
46,12,1,800,2025-06-19,12421,LEYENDO
47,12,1,1000,2025-06-19,12421,LEYENDO
48,12,1,1200,2025-06-19,12421,LEYENDO
49,13,1,0,2025-06-19,0,NO_LEIDO
50,13,1,500,2025-06-19,42,LEYENDO
51,13,1,800,2025-06-19,42,LEYENDO
52,13,1,1100,2025-06-19,42,LEYENDO
53,14,1,0,2025-06-19,0,TERMINADO
54,14,1,500,2025-06-19,21,LEYENDO
55,14,1,800,2025-06-19,21,LEYENDO
56,14,1,1100,2025-06-19,21,LEYENDO
57,14,1,1200,2025-06-19,21,LEYENDO
